VERSION 1.0
0.1755498 0.7375113 0.402267 3
0.3182112 0.08931402 0.7529266 5
0.9626768 0.6511621 0.2597845 4
0 0.1558193 0.1306826 3
0.2468111 0.3002841 0.903401 2
0.1068933 0.8105168 0.01432906 3
0.8779568 0.01383446 0.1304479 0
1 0.9698194 0.8857711 7
0.1952196 0.1988703 0.7965087 2
0.9103956 0.2064824 0.4473996 0
0.1893871 0.3327632 0.9015514 2
0.8633791 0.8633791 0.8633791 7
0.1146925 0.9417281 0.9808455 2
0.997 0.51436 0.2827474 4
0.6671275 0.7087856 0.01629848 3
0.08617345 0.04531138 0 6
0.05459497 0.5880023 0.9512931 2
0.1225994 0.9906699 0.8586525 2
0.8865569 0.8235526 0.1434697 1
0.163363 0.08642271 0 6
0.002720226 0.7542443 0.3981104 3
0.7203662 0.8648346 0.2359068 3
0.7738323 0.60947 0.1775136 1
0.7247095 0.6836447 1 5
0.06261746 0.1089712 0.9738041 2
0.2094014 0.7769002 0.6105331 3
0.02765259 0.8317454 0.5862315 3
0 0.2146834 0.08829892 3
0.2311187 0.2989164 0.8356725 2
0.4137566 0.1277439 0.9487857 5
0.1588313 0.7873043 0.7598168 2
0.6001446 0.6001446 0.6001446 6
0.5067926 0.1531056 0.9621415 5
0.001756444 0.9330705 0.1390811 3
0.863785 0.7530547 0.2127755 1
0.8643376 0.8643376 0.8643376 7
0.982558 0.6166394 0.2253085 4
0.02922462 0.923828 0.1655283 3
0.1390741 0.814001 0.1780846 3
0.2670517 0.2670517 0.2670517 6
0.003547175 0.9894542 0.9801069 2
0.8237644 0.5293617 0.07963652 4
0.7409196 0.5381244 0.2144097 4
0 0.02540373 0.3093814 2
0.7832785 0.6334472 0.1243048 1
0.6968237 0.7047464 0.01464587 3
0.003841955 0.1965357 0.8318898 2
0.1912771 0.1912771 0.1912771 6
0.5498022 0.2615615 0.9966866 5
0.8898121 0.1948604 0.7492266 5
0.8903074 0.1487756 0.85522 5
0.7762679 0.8732623 1 2
0.8615617 0.4512208 0.2555946 4
0.8305176 0.2546513 0.1787966 0
0.1763294 0.6859181 0.8546821 2
0.7834268 0.7834268 0.7834268 6
0.1912076 0.8687986 0.2749866 3
0.3667125 0.1034732 0.8171189 5
0.2179213 0.7005067 0.05465611 3
0.7925807 1 0.7277977 3
0.6456664 0.1407566 0.7501096 5
0.0888624 0.7851674 0.7919582 2
0.6168126 0.1672845 0.7766258 5
0.06131092 0.370106 0 3
0.7572901 0.0114094 0.6659194 5
0.3464965 0.8429799 0.08349428 3
0.8408322 0.6222451 0.07987247 4
0.1152335 0 0.05129886 6
0.2455102 0.4507693 0.8893939 2
0.2158956 0.3750954 0.9541436 2
0.7173672 0.0226738 0.6873488 5
0.04878984 0.02146842 0 6
0.4523825 0.07503197 0.8990912 5
0.9412459 0.1483036 0.2130373 0
0.4459746 0.9773086 0.009294652 3
0.8982003 0.9897126 1 2
0.7553871 0.224154 0.2819613 0
0.7229038 0.1627405 0.2940053 0
0.7628188 0.4684084 0.2162 4
0.06377564 0.007580724 0 6
0.006108833 0.5012996 0.7405718 2
0.1980661 0.8090855 0.4473204 3
0.1859173 0.8041706 0.6273751 2
0.4083012 0.4083012 0.4083012 6
0.7026256 0.07023799 0.6342826 5
0.7639334 0.2165667 0.9027479 5
0.9044318 0.1881821 0.5738893 5
0.1809798 0 0.04657341 6
0.7496487 0.836005 0.185186 3
0.7371647 0.1777264 0.1798008 0
0.3802371 0.9099907 0.2312103 3
1 0.8443568 0.7166687 7
0.1839169 0.898912 0.1736465 3
0.5747254 0.1965381 0.8494828 5
0.3999931 0.1775348 0.7630841 5
0.8804746 0.6113468 1 5
0.009954352 0.141265 0.7613379 2
0.3739179 0.7353938 0.1245713 3
0.7133271 0.2292854 0.04967579 4
0.824964 1 0.9038292 2
0.2827803 0.06327881 0.766568 5
0.01460511 0.932103 0.1655742 3
0.8262419 0.1564345 0.3715398 0
0.6653502 1 0.8267466 3
0.1537604 0.8839447 0.8503593 2
0.188433 0.8066227 0.574862 3
0.6470538 0.1437082 0.7451602 5
0.8432987 0.8432987 0.8432987 6
0.04149462 0.1342875 0.8424365 2
0.2771756 0.5713865 0.9481817 2
0.2042928 0.4601957 0.7579679 2
0 0.1689609 0.2246082 2
0.1628051 0.7507788 0.610697 2
0.9857965 0.06424981 0.4216298 0
0.8303092 0.781519 0.1456133 1
1 0.9807165 0.6709151 1
0.0118748 0.9506605 0.3549486 3
0.267315 0.8919668 0.008389919 3
0.9812753 0.7134049 0.07089885 4
0.4678925 0.4678925 0.4678925 6
0.4179563 0.03544696 0.9324464 5
0.4528936 0.7256472 0.05967725 3
0.2186696 0.6568475 0.8418707 2
1 0.9938365 0.9986126 7
0.6754699 0.07026561 0.9207286 5
0.2500132 0.900933 0.8841698 2
0.8780007 0.617863 0.08822179 4
0.04192114 0.04192114 0.04192114 6
0.8360233 0.04835469 0.4255331 0
0.9094496 0.2535076 0.1507754 4
0.6514323 0.7705598 0.2094055 3
0 0.007124637 0.2024806 2
0.1837947 0.9207037 0.3538348 3
0.1074135 0.8652316 0.3029558 3
0.1700319 0.001941053 0.7154573 2
0.9971188 0.9776481 1 7
0.1619567 0.7226861 0.1809346 3
0.3509654 0.1859176 0.7439994 5
0.9880009 0.3578451 0.1173446 4
1 0.6591424 0.6817046 0
0.07312956 0.9273539 0.296727 3
0.3199151 0.7646412 0.04362646 3
0.9509099 0.3270565 0.001238995 4
0.2542146 0.2542146 0.2542146 6
0.5615637 0.7296106 0.06663886 3
0.04934868 0.8681132 0.5096331 3
0.9039783 0.2665675 0.8257998 5
0.9940017 1 0.9871567 7
0.7338074 0.2842912 0.0609903 4
0.7595613 0.06211793 0.2694169 0
0.6716287 0.05517593 0.833669 5
0.60373 1 0.6032733 3
0.7351705 0.09224503 0.5096362 5
0.9876732 0.5931165 0.2041547 4
0.9792191 0.3967653 0.06162464 4
1 0.973421 0.9291164 7
0.1392016 0.4215379 0.7041512 2
0.07215471 0.746676 0.2434729 3
0.2004156 0.9103134 0.3543171 3
0 0.2120452 0.08139307 3
0.8624737 0.05220842 0.0345878 0
0.1099334 0.9897695 0.9275041 2
0.04127098 0.2936378 0.8224105 2
0.4364408 0.4364408 0.4364408 6
0.8889917 0.9765206 0.263935 1
0.8302594 0.07481013 0.8976609 5
0.01289981 0.5155159 0.7341421 2
0.1071026 0.07455353 0 6
0.0690833 0.6730162 0.7280612 2
0.1825925 0.7048274 0.604138 2
0.1604778 0.9144202 0.9166923 2
0.2053562 0.218172 0 3
0.08010387 0.7401392 0.9812686 2
0.7361854 0.2554106 0.8573534 5
0.8131111 0.02049157 0.223697 0
0.03896836 0.1886765 0 3
