VERSION 1.0
0.6631047 0.06391298 0.9482624 5
0.1124731 0.69968 0.9363892 2
0.4566654 0.02330355 0.8791384 5
0.3524045 0 0.02165039 0
0.5087815 0.8371497 0.08766676 1
0.4418598 0.7535224 0.189951 3
0.5681325 0.7989272 0.02567834 3
0.3040415 0 0.2687564 5
0.2050962 0.1243139 0.8067695 2
0.9083133 0.3108594 0.1720021 0
0.791753 0.04281938 0.7188663 5
0.9778517 1 0.9665954 7
0.1801465 0.752601 0.8469173 2
0.7934769 0.1164693 0.597157 5
0.1211528 0.8882332 0.9131743 2
0.06106557 0.07842423 0 6
0.1106528 0.2965741 0.9509692 2
0.388543 0.7903433 0.07798012 3
0.8632247 0.09879631 0.9122152 5
1 0.9820707 0.9924097 7
0.6894285 0.7372613 0.1330625 3
0.5207612 0.810672 0.1633549 3
0.9504189 0.809858 0.2770355 1
0.3243808 0.3243808 0.3243808 6
0.1109213 0.9118314 0.9275308 2
0.1106436 0.8383494 0.6482161 3
0.724485 0.6348275 0.04859717 1
1 0.8955384 0.8286957 7
0.7167929 0.4950098 0.1029128 4
0.4807966 0.8540891 0.1500699 3
0.1733895 0.2282137 0.7498594 2
